4
25 1 16 9.25 15 1 
25 1 25.25 9.25 16 9.25 
16 9.25 1.25 5.25 15 1 
25 1 28.25 5.25 25.25 9.25 
4
25 1 16 9.25 15 1 
25 1 25.25 9.25 16 9.25 
16 9.25 1.25 5.25 15 1 
25 1 28.25 5.25 25.25 9.25 
4
25 1 16 9.25 15 1 
25 1 25.25 9.25 16 9.25 
16 9.25 1.25 5.25 15 1 
25 1 28.25 5.25 25.25 9.25 
4
25 1 16 9.25 15 1 
25 1 25.25 9.25 16 9.25 
16 9.25 1.25 5.25 15 1 
25 1 28.25 5.25 25.25 9.25 
4
25 1 16 9.25 15 1 
25 1 25.25 9.25 16 9.25 
16 9.25 1.25 5.25 15 1 
25 1 28.25 5.25 25.25 9.25 
