6
8.75 11 10.5 32.5 4.5 22 
8.75 11 31.25 29.75 10.5 32.5 
8.75 11 30.25 8.25 31.25 29.75 
31.25 29.75 22 35.5 10.5 32.5 
8.75 11 19.25 5 30.25 8.25 
30.25 8.25 35.25 19.5 31.25 29.75 
6
8.75 11 10.5 32.5 4.5 22 
8.75 11 31.25 29.75 10.5 32.5 
8.75 11 30.25 8.25 31.25 29.75 
31.25 29.75 22 35.5 10.5 32.5 
8.75 11 19.25 5 30.25 8.25 
30.25 8.25 35.25 19.5 31.25 29.75 
6
8.75 11 10.5 32.5 4.5 22 
8.75 11 31.25 29.75 10.5 32.5 
8.75 11 30.25 8.25 31.25 29.75 
31.25 29.75 22 35.5 10.5 32.5 
8.75 11 19.25 5 30.25 8.25 
30.25 8.25 35.25 19.5 31.25 29.75 
