20
26 0.75 30.5 0.75 21.25 1.25 
30.5 0.75 18.25 9.75 21.25 1.25 
30.5 0.75 34 11.5 18.25 9.75 
34 11.5 16.25 19.25 18.25 9.75 
34 11.5 36.75 21 16.25 19.25 
36.75 21 37.5 32.25 16.25 19.25 
37.5 32.25 14 31.25 16.25 19.25 
37.5 32.25 19 45.75 14 31.25 
37.5 32.25 32.75 44.5 19 45.75 
19 45.75 8.5 44.75 14 31.25 
37.5 32.25 40 44 32.75 44.5 
32.75 44.5 30.75 49.75 19 45.75 
8.5 44.75 2.25 36.5 14 31.25 
37.5 32.25 48.5 35 40 44 
30.75 49.75 19.75 49.5 19 45.75 
8.5 44.75 2 44.5 2.25 36.5 
2.25 36.5 7.5 29.75 14 31.25 
37.5 32.25 43.75 30.25 48.5 35 
48.5 35 50.25 43 40 44 
50.25 43 46.5 47 40 44 
