6
38.75 1.25 22 11.25 10.5 2 
22 11.25 1.75 10.25 10.5 2 
22 11.25 1.25 31 1.75 10.25 
22 11.25 29 20.5 1.25 31 
29 20.5 10.5 39.5 1.25 31 
29 20.5 38.5 39.5 10.5 39.5 
6
38.75 1.25 22 11.25 10.5 2 
22 11.25 1.75 10.25 10.5 2 
22 11.25 1.25 31 1.75 10.25 
22 11.25 29 20.5 1.25 31 
29 20.5 10.5 39.5 1.25 31 
29 20.5 38.5 39.5 10.5 39.5 
6
38.75 1.25 22 11.25 10.5 2 
22 11.25 1.75 10.25 10.5 2 
22 11.25 1.25 31 1.75 10.25 
22 11.25 29 20.5 1.25 31 
29 20.5 10.5 39.5 1.25 31 
29 20.5 38.5 39.5 10.5 39.5 
6
38.75 1.25 22 11.25 10.5 2 
22 11.25 1.75 10.25 10.5 2 
22 11.25 1.25 31 1.75 10.25 
22 11.25 29 20.5 1.25 31 
29 20.5 10.5 39.5 1.25 31 
29 20.5 38.5 39.5 10.5 39.5 
6
38.75 1.25 22 11.25 10.5 2 
22 11.25 1.75 10.25 10.5 2 
22 11.25 1.25 31 1.75 10.25 
22 11.25 29 20.5 1.25 31 
29 20.5 10.5 39.5 1.25 31 
29 20.5 38.5 39.5 10.5 39.5 
6
38.75 1.25 22 11.25 10.5 2 
22 11.25 1.75 10.25 10.5 2 
22 11.25 1.25 31 1.75 10.25 
22 11.25 29 20.5 1.25 31 
29 20.5 10.5 39.5 1.25 31 
29 20.5 38.5 39.5 10.5 39.5 
